0.00000 0.32570 0.46930 0.67430 0.60978 0.65245 0.57336 0.46410 0.64308 0.67742
0.32570 0.00000 0.29032 0.64412 0.57960 0.64100 0.47971 0.29865 0.58897 0.65765
0.46930 0.29032 0.00000 0.66181 0.64516 0.68366 0.56920 0.44953 0.63476 0.67222
0.67430 0.64412 0.66181 0.00000 0.55879 0.62227 0.48491 0.58793 0.29657 0.47867
0.60978 0.57960 0.64516 0.55879 0.00000 0.34547 0.32674 0.48283 0.49532 0.60458
0.65245 0.64100 0.68366 0.62227 0.34547 0.00000 0.50780 0.58689 0.57648 0.61811
0.57336 0.47971 0.56920 0.48491 0.32674 0.50780 0.00000 0.31530 0.31738 0.50884
0.46410 0.29865 0.44953 0.58793 0.48283 0.58689 0.31530 0.00000 0.49324 0.59105
0.64308 0.58897 0.63476 0.29657 0.49532 0.57648 0.31738 0.49324 0.00000 0.32570
0.67742 0.65765 0.67222 0.47867 0.60458 0.61811 0.50884 0.59105 0.32570 0.00000
