23
0 7264 4259 1696 1779 3856 4024 4111 1082 7862 4302 5406 6492 655 4006 2236 7893 2825 3743 3572 5215 2927 1894
7264 0 3981 6238 8617 4342 10862 10949 6578 2490 4542 2228 2258 6815 4774 9074 2521 5351 4737 10410 3813 5641 8732
4259 3981 0 3233 5612 1337 7857 7944 3573 4579 1537 2123 3209 3810 1769 6069 4610 2346 1732 7405 1932 2636 5727
1696 6238 3233 0 3049 2830 5294 5381 1010 6836 3276 4380 5466 1247 2980 3506 6867 1799 2717 4842 4189 1901 3164
1779 8617 5612 3049 0 5209 3867 3954 2435 9215 5655 6759 7845 2008 5359 2079 9246 4178 5096 3415 6568 4280 1737
3856 4342 1337 2830 5209 0 7454 7541 3170 4940 1380 2484 3570 3407 1366 5666 4971 1943 1329 7002 2293 2233 5324
4024 10862 7857 5294 3867 7454 0 1827 4680 11460 7900 9004 10090 4253 7604 2820 11491 6423 7341 2224 8813 6525 2246
4111 10949 7944 5381 3954 7541 1827 0 4767 11547 7987 9091 10177 4340 7691 2907 11578 6510 7428 2311 8900 6612 2333
1082 6578 3573 1010 2435 3170 4680 4767 0 7176 3616 4720 5806 633 3320 2892 7207 2139 3057 4228 4529 2241 2550
7862 2490 4579 6836 9215 4940 11460 11547 7176 0 5140 2826 2856 7413 5372 9672 1931 5949 5335 11008 4411 6239 9330
4302 4542 1537 3276 5655 1380 7900 7987 3616 5140 0 2684 3770 3853 1812 6112 5171 2389 1775 7448 2493 2679 5770
5406 2228 2123 4380 6759 2484 9004 9091 4720 2826 2684 0 1456 4957 2916 7216 2857 3493 2879 8552 1955 3783 6874
6492 2258 3209 5466 7845 3570 10090 10177 5806 2856 3770 1456 0 6043 4002 8302 2887 4579 3965 9638 3041 4869 7960
655 6815 3810 1247 2008 3407 4253 4340 633 7413 3853 4957 6043 0 3557 2465 7444 2376 3294 3801 4766 2478 2123
4006 4774 1769 2980 5359 1366 7604 7691 3320 5372 1812 2916 4002 3557 0 5816 5403 2093 1479 7152 2725 2383 5474
2236 9074 6069 3506 2079 5666 2820 2907 2892 9672 6112 7216 8302 2465 5816 0 9703 4635 5553 2368 7025 4737 690
7893 2521 4610 6867 9246 4971 11491 11578 7207 1931 5171 2857 2887 7444 5403 9703 0 5980 5366 11039 4442 6270 9361
2825 5351 2346 1799 4178 1943 6423 6510 2139 5949 2389 3493 4579 2376 2093 4635 5980 0 1830 5971 3302 1202 4293
3743 4737 1732 2717 5096 1329 7341 7428 3057 5335 1775 2879 3965 3294 1479 5553 5366 1830 0 6889 2688 2120 5211
3572 10410 7405 4842 3415 7002 2224 2311 4228 11008 7448 8552 9638 3801 7152 2368 11039 5971 6889 0 8361 6073 1794
5215 3813 1932 4189 6568 2293 8813 8900 4529 4411 2493 1955 3041 4766 2725 7025 4442 3302 2688 8361 0 3592 6683
2927 5641 2636 1901 4280 2233 6525 6612 2241 6239 2679 3783 4869 2478 2383 4737 6270 1202 2120 6073 3592 0 4395
1894 8732 5727 3164 1737 5324 2246 2333 2550 9330 5770 6874 7960 2123 5474 690 9361 4293 5211 1794 6683 4395 0
