0 64 190 176 36 42 162 29 207 112 89 86 118 85 27 213 50 68 229 57 50 176 89 211 139 229 83 127 155 196 107 45
64 0 136 122 58 92 108 79 153 58 139 136 64 135 77 159 26 118 175 107 100 122 35 157 85 175 29 73 101 142 53 43
190 136 0 24 184 218 58 205 41 92 265 262 86 261 203 47 152 244 63 233 226 44 121 45 61 63 135 73 65 30 109 169
176 122 24 0 170 204 44 191 41 78 251 248 72 247 189 47 138 230 63 219 212 30 107 45 47 63 121 59 51 30 95 155
36 58 184 170 0 64 156 51 201 106 111 108 112 107 49 207 44 90 223 79 72 170 83 205 133 223 77 121 149 190 101 39
42 92 218 204 64 0 190 25 235 140 71 68 146 67 41 241 78 50 257 39 32 204 117 239 167 257 111 155 183 224 135 73
162 108 58 44 156 190 0 177 75 64 237 234 58 233 175 81 124 216 97 205 198 44 93 79 33 97 107 45 37 64 81 141
29 79 205 191 51 25 177 0 222 127 72 69 133 68 28 228 65 51 244 40 33 191 104 226 154 244 98 142 170 211 122 60
207 153 41 41 201 235 75 222 0 109 282 279 103 278 220 34 169 261 50 250 243 61 138 32 78 50 152 90 82 35 126 186
112 58 92 78 106 140 64 127 109 0 187 184 20 183 125 115 74 166 131 155 148 78 43 113 41 131 57 29 57 98 31 91
89 139 265 251 111 71 237 72 282 187 0 13 193 30 88 288 125 39 304 44 65 251 164 286 214 304 158 202 230 271 182 120
86 136 262 248 108 68 234 69 279 184 13 0 190 27 85 285 122 36 301 41 62 248 161 283 211 301 155 199 227 268 179 117
118 64 86 72 112 146 58 133 103 20 193 190 0 189 131 109 80 172 125 161 154 72 49 107 35 125 63 23 51 92 37 97
85 135 261 247 107 67 233 68 278 183 30 27 189 0 84 284 121 35 300 40 61 247 160 282 210 300 154 198 226 267 178 116
27 77 203 189 49 41 175 28 220 125 88 85 131 84 0 226 63 67 242 56 49 189 102 224 152 242 96 140 168 209 120 58
213 159 47 47 207 241 81 228 34 115 288 285 109 284 226 0 175 267 26 256 249 67 144 18 84 26 158 96 88 41 132 192
50 26 152 138 44 78 124 65 169 74 125 122 80 121 63 175 0 104 191 93 86 138 51 173 101 191 45 89 117 158 69 29
68 118 244 230 90 50 216 51 261 166 39 36 172 35 67 267 104 0 283 23 44 230 143 265 193 283 137 181 209 250 161 99
229 175 63 63 223 257 97 244 50 131 304 301 125 300 242 26 191 283 0 272 265 83 160 34 100 14 174 112 104 57 148 208
57 107 233 219 79 39 205 40 250 155 44 41 161 40 56 256 93 23 272 0 33 219 132 254 182 272 126 170 198 239 150 88
50 100 226 212 72 32 198 33 243 148 65 62 154 61 49 249 86 44 265 33 0 212 125 247 175 265 119 163 191 232 143 81
176 122 44 30 170 204 44 191 61 78 251 248 72 247 189 67 138 230 83 219 212 0 107 65 47 83 121 59 51 50 95 155
89 35 121 107 83 117 93 104 138 43 164 161 49 160 102 144 51 143 160 132 125 107 0 142 70 160 34 58 86 127 38 68
211 157 45 45 205 239 79 226 32 113 286 283 107 282 224 18 173 265 34 254 247 65 142 0 82 34 156 94 86 39 130 190
139 85 61 47 133 167 33 154 78 41 214 211 35 210 152 84 101 193 100 182 175 47 70 82 0 100 84 22 26 67 58 118
229 175 63 63 223 257 97 244 50 131 304 301 125 300 242 26 191 283 14 272 265 83 160 34 100 0 174 112 104 57 148 208
83 29 135 121 77 111 107 98 152 57 158 155 63 154 96 158 45 137 174 126 119 121 34 156 84 174 0 72 100 141 52 62
127 73 73 59 121 155 45 142 90 29 202 199 23 198 140 96 89 181 112 170 163 59 58 94 22 112 72 0 38 79 46 106
155 101 65 51 149 183 37 170 82 57 230 227 51 226 168 88 117 209 104 198 191 51 86 86 26 104 100 38 0 71 74 134
196 142 30 30 190 224 64 211 35 98 271 268 92 267 209 41 158 250 57 239 232 50 127 39 67 57 141 79 71 0 115 175
107 53 109 95 101 135 81 122 126 31 182 179 37 178 120 132 69 161 148 150 143 95 38 130 58 148 52 46 74 115 0 86
45 43 169 155 39 73 141 60 186 91 120 117 97 116 58 192 29 99 208 88 81 155 68 190 118 208 62 106 134 175 86 0
