24
19
0 7417 4761 4383 4471 5061 2003 3030 6429 5956 5306 2845 1741 5059 5762 2991 6093 1880 1553 7661 3575 2565 5796 1692
7417 0 10312 9934 3420 10612 7554 8581 1266 11507 10857 4856 6690 3152 2045 6392 11644 7431 6726 1318 4062 8116 11347 7243
4761 10312 0 2066 7366 2098 4210 2425 9324 2993 2343 5740 4636 7954 8657 5886 3130 3317 4448 10556 6470 2638 2833 4151
4383 9934 2066 0 6988 2366 3832 2047 8946 3261 2611 5362 4258 7576 8279 5508 3398 2939 4070 10178 6092 2260 3101 3773
4471 3420 7366 6988 0 7666 4608 5635 2432 8561 7911 1910 3744 1062 1765 3446 8698 4485 3780 3664 1116 5170 8401 4297
5061 10612 2098 2366 7666 0 4510 2725 9624 1603 953 6040 4936 8254 8957 6186 1740 3617 4748 10856 6770 2938 1443 4451
2003 7554 4210 3832 4608 4510 0 2479 6566 5405 4755 2982 1878 5196 5899 3128 5542 1329 1690 7798 3712 2014 5245 1393
3030 8581 2425 2047 5635 2725 2479 0 7593 3620 2970 4009 2905 6223 6926 4155 3757 1586 2717 8825 4739 907 3460 2420
6429 1266 9324 8946 2432 9624 6566 7593 0 10519 9869 3868 5702 2164 1057 5404 10656 6443 5738 1510 3074 7128 10359 6255
5956 11507 2993 3261 8561 1603 5405 3620 10519 0 1510 6935 5831 9149 9852 7081 1475 4512 5643 11751 7665 3833 520 5346
5306 10857 2343 2611 7911 953 4755 2970 9869 1510 0 6285 5181 8499 9202 6431 1647 3862 4993 11101 7015 3183 1350 4696
2845 4856 5740 5362 1910 6040 2982 4009 3868 6935 6285 0 2118 2498 3201 1820 7072 2859 2154 5100 1014 3544 6775 2671
1741 6690 4636 4258 3744 4936 1878 2905 5702 5831 5181 2118 0 4332 5035 2264 5968 1755 1050 6934 2848 2440 5671 1567
5059 3152 7954 7576 1062 8254 5196 6223 2164 9149 8499 2498 4332 0 1497 4034 9286 5073 4368 3396 1704 5758 8989 4885
5762 2045 8657 8279 1765 8957 5899 6926 1057 9852 9202 3201 5035 1497 0 4737 9989 5776 5071 2289 2407 6461 9692 5588
2991 6392 5886 5508 3446 6186 3128 4155 5404 7081 6431 1820 2264 4034 4737 0 7218 3005 2300 6636 2550 3690 6921 2817
6093 11644 3130 3398 8698 1740 5542 3757 10656 1475 1647 7072 5968 9286 9989 7218 0 4649 5780 11888 7802 3970 1315 5483
1880 7431 3317 2939 4485 3617 1329 1586 6443 4512 3862 2859 1755 5073 5776 3005 4649 0 1567 7675 3589 1121 4352 1270
1553 6726 4448 4070 3780 4748 1690 2717 5738 5643 4993 2154 1050 4368 5071 2300 5780 1567 0 6970 2884 2252 5483 1379
7661 1318 10556 10178 3664 10856 7798 8825 1510 11751 11101 5100 6934 3396 2289 6636 11888 7675 6970 0 4306 8360 11591 7487
3575 4062 6470 6092 1116 6770 3712 4739 3074 7665 7015 1014 2848 1704 2407 2550 7802 3589 2884 4306 0 4274 7505 3401
2565 8116 2638 2260 5170 2938 2014 907 7128 3833 3183 3544 2440 5758 6461 3690 3970 1121 2252 8360 4274 0 3673 1955
5796 11347 2833 3101 8401 1443 5245 3460 10359 520 1350 6775 5671 8989 9692 6921 1315 4352 5483 11591 7505 3673 0 5186
1692 7243 4151 3773 4297 4451 1393 2420 6255 5346 4696 2671 1567 4885 5588 2817 5483 1270 1379 7487 3401 1955 5186 0
